0.001468487144
0.001542574468
0.001724650686
0.001713837722
0.001680981555
0.001726805153
0.001745010734
0.001692004503
0.001648485505
0.001742878772
0.001720333656
0.001785034289
0.001778774652
0.00182825175
0.00180162033
0.001786075429
0.001740744198
0.001763028329
0.001839402821
0.001741811812
0.001806772243
0.001740744198
0.00182009897
0.00176197357
0.001839402821
0.0017588055
0.001721413928
0.001606334131
0.001731106045
0.001642950437
0.001714922087
0.001732179599
0.001707317073
0.001757748208
0.001812935213
0.001855502934
0.001838391882
0.001937835193
0.001928218085
0.002036074129
0.002002006727
0.002017730745
0.002059676311
0.002059676311
0.002161841207
0.002222893431
0.002128040045
0.002190883442
0.002211994774
0.002256921405
0.002362362272
0.002337044865
0.002402934207
0.002298545954
0.002510388884
0.002473836924
0.002531038729
0.002494789335
0.00242066259
0.002520734952
0.002572563794
0.002619113609
0.002602022963
0.002601308416
0.00261769365
0.002626909662
0.002552978221
0.002496279206
0.002445874527
0.002362362272
0.002287195041
0.002143706809
0.002212835038
0.002286382105
0.002303393508
0.002391301409
0.002433683176
0.002705696065
0.002818762032
0.002995261973
0.003144237338
0.003326944601
0.003526056657
0.003715011271
0.004004013454
0.004247335309
0.004503947637
0.004771706719
0.00512195122
0.005407268116
0.005794928961
0.006109743927
0.006444980615
0.006828179356
0.007377796811
0.007812496282
0.008305227241
0.008840412049
0.009491064711
0.01044232909
0.01180283695
0.01356347582
0.01548444365
0.01742537416
0.01915138973
0.02042382577
0.02094793978
0.02071950861
0.01979219827
0.0181621358
0.01328540862
0.01064893244
0.008388967572
0.006383537721
0.004757660781
0.003706996135
0.002984692256
0.00241142926
0.002228739864
0.001962619139
0.001869476795
0.001463414634
0.001720333656
0.001720333656
0.001720333656
0.001720333656
0.001720333656
0.001720333656
0.001720333656
0.001720333656
0.001720333656
0.001720333656